2000
53 59 29 2 276142
7 59 19 73 312334
53 37 7 61 286024
83 73 13 49 661849
3 83 41 43 615420
11 5 83 79 146071
19 41 19 41 801250
29 97 41 83 841439
61 43 2 43 651099
17 83 7 97 808806
83 17 47 83 861242
13 7 73 41 762952
2 31 7 67 722941
47 3 11 61 967997
53 97 61 71 335532
23 19 71 43 364929
7 97 11 31 574444
97 79 29 23 729753
97 83 79 37 703400
31 23 37 31 216831
29 61 47 67 492657
5 97 2 5 26061
73 37 79 7 708930
19 97 5 23 620356
53 3 19 3 399592
73 13 7 41 858324
37 53 2 29 746365
41 83 17 2 303528
31 59 19 41 104859
59 13 47 17 34175
23 43 59 97 431363
31 73 47 49 287481
47 43 2 71 801322
5 41 71 43 793918
59 23 31 73 565839
97 83 83 29 542532
73 83 79 3 446268
19 13 49 17 823434
7 17 83 97 639219
83 19 7 97 253892
43 41 31 37 755509
41 43 19 11 872693
23 53 49 83 856908
29 61 37 13 714061
41 73 47 29 771260
47 29 29 17 245299
43 83 61 53 827802
2 7 97 5 609589
71 49 31 79 355155
7 29 71 13 767836
47 47 53 97 324666
79 97 49 97 463490
71 83 47 37 154442
13 31 97 79 298227
23 49 23 83 264713
79 17 3 23 793478
61 53 73 23 733108
37 2 97 59 770241
49 83 41 83 830362
31 79 7 29 367895
49 2 37 37 228294
67 23 5 79 314310
11 49 79 67 40759
49 13 53 59 898999
97 79 13 23 33622
53 11 43 41 601293
23 13 73 71 639453
23 79 61 11 964192
73 61 53 49 755318
7 7 49 37 672201
17 41 13 11 840378
7 37 17 19 649843
79 31 61 43 315340
7 17 41 97 290518
61 17 7 83 756486
7 79 61 49 774670
5 97 17 5 278859
79 17 61 29 141266
61 61 13 13 936554
71 31 13 3 206728
13 49 3 23 181856
2 29 41 37 59953
49 11 97 13 843924
67 71 13 79 39589
17 41 31 41 941785
79 61 43 67 313151
71 31 71 53 584094
11 83 2 7 983579
13 97 23 41 124993
59 37 2 61 57449
49 3 53 3 356959
61 83 23 47 439272
53 41 73 53 543256
31 43 43 37 381068
59 17 13 17 213352
67 2 11 7 187289
5 23 49 5 179503
47 31 37 31 498532
83 71 17 79 20121
13 5 53 3 23168
59 59 59 83 24758
17 49 31 5 102771
83 49 59 49 308151
41 73 41 97 85147
61 73 37 73 614938
83 59 61 23 195896
97 83 61 17 278901
47 49 5 61 456936
41 49 71 3 827245
79 19 31 7 341564
3 41 31 97 272976
7 17 49 47 728375
29 3 7 19 122854
53 41 19 61 352915
49 37 19 29 29498
83 31 2 97 540286
61 73 97 79 49682
7 47 41 47 938136
11 31 59 59 191804
19 19 29 3 336158
19 37 67 7 329780
73 73 11 79 35196
41 11 59 59 840379
53 79 59 19 124463
47 2 2 41 468870
83 47 97 73 910977
47 71 53 37 71706
41 73 5 71 50078
37 11 47 17 380369
11 79 31 67 91082
41 17 7 11 358333
53 3 49 67 98964
49 19 67 71 352169
83 61 97 37 864501
71 41 83 79 510251
49 29 49 37 600213
97 19 67 17 938984
43 11 67 53 788135
17 5 31 7 508435
83 17 19 17 132194
41 61 13 37 442775
73 37 47 49 654681
31 83 2 43 587003
5 43 11 73 770915
29 31 2 19 802443
7 37 79 73 167637
73 41 59 97 859444
29 97 47 71 269877
97 61 5 83 280903
97 97 97 47 106181
23 19 79 19 616031
13 67 61 53 268891
47 23 49 2 521711
31 61 79 53 168789
79 97 13 71 961556
31 79 31 49 49858
31 49 97 79 730437
61 31 61 23 5357
5 97 29 7 532340
79 7 79 79 425658
43 59 7 71 692956
37 79 61 43 676391
67 5 31 2 478640
83 47 37 49 945102
23 73 59 49 962912
3 47 19 71 298974
79 5 2 43 482582
49 53 17 11 134824
29 3 97 23 757429
53 83 11 29 266461
67 49 29 73 344572
53 2 73 19 506533
19 17 73 31 402664
49 59 19 53 87053
49 73 23 49 183374
3 59 37 11 650560
79 59 47 67 548998
73 59 79 79 253519
59 23 67 67 865149
61 43 19 61 402498
71 11 79 3 728011
67 17 49 23 743705
47 83 41 7 430205
37 2 71 43 622138
49 3 53 83 930376
17 31 79 71 268962
49 7 83 73 49081
31 31 53 59 256667
83 3 47 31 993871
71 53 67 47 931191
79 47 53 43 313427
59 43 7 3 635514
19 73 41 97 699358
3 61 67 17 548385
79 23 17 7 632227
71 23 97 41 908880
11 53 53 41 188494
3 67 49 47 939454
37 67 7 3 626492
29 79 97 73 492133
59 61 83 31 738426
41 53 7 49 463428
7 7 19 61 286155
11 53 19 17 844732
11 83 5 2 923222
97 37 79 13 508605
47 3 79 11 286888
71 29 67 67 408376
53 13 49 5 429201
31 49 37 47 960901
67 17 3 71 942097
43 7 59 5 711496
31 47 61 19 983957
71 73 59 13 945677
53 43 61 73 192607
49 67 83 43 860563
43 67 73 49 25688
13 31 43 29 371173
73 3 11 17 199959
43 71 3 3 305803
13 17 49 47 204542
37 17 61 67 607600
71 2 83 97 292405
41 3 2 97 499587
71 97 43 17 408472
13 61 83 17 206177
71 71 53 73 217122
7 13 11 97 823985
49 43 83 71 420159
13 67 79 37 374988
83 13 11 19 351096
41 2 97 7 222178
49 11 29 19 22103
49 71 71 31 21516
23 31 23 79 723730
11 61 97 29 370560
83 13 19 97 751398
47 43 97 29 96788
11 83 49 73 666097
11 47 61 11 373764
3 7 71 7 868943
97 23 7 31 838884
19 79 73 79 511081
59 67 29 31 891153
41 97 2 19 858468
71 7 13 97 283573
49 97 41 67 929884
79 23 17 73 267379
11 59 41 47 277312
11 5 37 5 232929
41 97 31 11 908828
31 97 29 3 186031
73 23 67 73 285065
73 67 41 19 92522
61 97 5 83 445992
37 67 2 61 878183
7 13 53 59 585799
59 11 97 17 768878
2 67 2 47 936034
11 67 17 31 74849
83 29 19 53 198462
53 61 29 71 461364
71 43 97 5 398939
41 71 71 41 323560
19 5 47 17 257841
11 19 13 41 474921
67 41 3 3 924425
49 61 73 19 438474
53 47 53 73 158349
13 43 53 47 895170
31 79 17 19 230992
3 71 37 17 406194
37 41 97 23 828607
23 73 17 13 388074
43 43 5 71 764506
19 31 61 37 674763
67 59 37 67 469361
61 73 23 2 387114
43 2 19 71 530463
19 43 47 13 402494
3 43 7 83 249552
47 23 5 11 292609
43 11 31 5 317872
2 2 7 13 830814
7 11 79 53 624206
3 37 5 41 166710
79 61 83 7 432140
19 43 11 79 496249
5 41 53 29 342436
5 2 29 7 884838
41 31 13 19 492969
37 23 13 73 934155
43 29 97 41 250107
83 29 23 53 700183
37 73 61 83 459851
61 79 17 41 744542
67 71 59 67 433219
97 29 23 49 296819
53 7 11 83 842804
17 37 71 23 560153
2 7 31 7 800598
53 41 29 23 940877
2 17 31 43 739705
47 29 3 49 931149
49 49 2 19 487499
83 83 43 49 502628
43 3 79 47 170933
13 79 43 37 537910
31 2 11 83 750320
7 43 83 2 690917
67 43 2 97 114710
73 97 23 83 301257
71 73 61 13 248049
49 11 73 79 785157
47 23 41 19 335220
49 13 47 83 568187
17 47 47 5 545448
2 67 61 97 250702
79 97 2 13 676633
79 47 83 73 130183
49 7 29 53 641987
53 31 53 83 489201
49 2 11 67 399511
31 5 3 47 689576
61 83 59 17 97791
17 97 83 97 623671
61 83 17 23 20501
71 83 5 13 41665
23 3 97 3 337315
73 5 7 13 854941
31 23 31 83 427682
79 47 71 83 938981
59 7 53 43 387895
3 47 53 17 99733
17 31 23 83 427272
71 97 83 73 875875
79 73 41 61 964672
37 23 73 29 567320
61 7 47 43 718334
67 3 23 23 781100
13 7 5 29 219728
59 83 59 37 841647
71 59 47 43 850217
71 41 53 7 852803
5 61 71 11 976224
17 41 67 5 253779
3 61 43 19 210915
41 7 11 73 726025
37 71 13 53 168717
13 79 79 19 637627
11 53 5 2 725454
73 49 37 79 164786
23 19 43 5 698182
73 79 61 43 696968
29 71 29 7 33666
97 23 73 71 349703
79 79 2 2 596603
17 59 37 23 526527
2 47 49 13 617384
7 67 3 97 616663
23 37 3 13 475298
31 19 37 71 688259
5 73 47 59 557010
23 79 83 17 90372
49 19 83 13 768000
43 53 59 7 139501
61 43 43 37 268792
47 43 83 73 34442
97 67 17 61 73720
49 23 2 47 526724
83 23 79 23 396290
5 49 37 61 188127
49 2 13 3 929333
67 17 37 2 342056
47 83 49 41 563906
23 53 13 19 956524
7 41 2 83 763686
97 49 83 31 288626
17 7 11 43 415645
17 49 2 29 961569
3 37 23 49 163801
31 83 83 47 49838
59 49 61 97 58982
23 5 53 23 360866
31 97 47 43 455608
11 49 23 59 481305
3 2 49 47 655736
2 7 7 11 608515
67 73 43 73 544532
31 79 79 13 462221
13 2 13 23 990060
43 53 31 3 331863
29 5 83 3 324908
71 23 23 5 97728
47 79 61 23 454834
17 2 71 79 247570
79 49 49 13 730477
71 67 13 79 830226
41 17 47 3 732201
13 31 37 59 282416
83 13 67 67 830145
67 37 2 29 655731
47 43 47 5 222718
11 73 49 29 944661
79 67 23 37 805500
17 43 71 43 593215
47 19 67 31 997289
61 17 3 3 215589
37 13 97 29 62643
17 5 29 23 550686
61 47 43 73 389368
37 49 97 53 757086
2 5 19 71 578684
11 43 11 49 458489
5 59 73 49 753265
37 53 11 11 341815
61 7 83 53 200755
61 73 59 49 544150
59 79 97 59 15537
17 43 59 61 704191
49 49 17 43 867828
19 29 47 17 841658
97 31 43 23 804112
61 73 71 3 981222
41 59 79 43 619589
67 17 47 19 762208
67 73 23 5 113566
7 3 37 31 975158
41 2 97 49 964440
29 23 17 61 949298
59 43 79 61 240955
61 53 41 73 402355
17 3 19 73 962069
67 61 17 19 520161
79 7 29 31 261981
17 19 73 7 142706
43 17 43 67 893050
17 31 13 79 50503
37 31 61 17 79380
11 41 37 31 57989
41 73 61 43 746866
23 37 71 19 484257
17 67 61 5 598367
19 43 2 71 910701
5 61 67 19 286310
29 47 31 73 883940
29 2 13 19 267991
5 23 59 11 576454
17 59 2 31 283161
17 53 37 61 838930
41 13 47 17 693313
47 71 83 59 35696
83 47 23 61 103194
41 19 67 59 107651
41 5 29 83 27812
19 19 49 19 753684
53 73 19 41 843492
5 49 41 43 284443
43 83 13 47 99632
49 97 23 11 330988
3 71 7 31 671824
53 13 67 13 704543
67 3 83 67 395014
13 43 23 5 234195
3 71 11 5 906744
7 61 23 71 691154
49 5 97 61 11890
97 71 37 23 491878
19 53 2 5 942470
41 29 97 7 690750
79 59 59 7 8641
61 13 61 49 110715
97 43 43 37 961725
43 3 3 43 918116
5 37 67 49 252094
11 67 23 61 19363
17 73 79 73 454051
97 73 53 31 671297
79 71 59 97 938542
53 13 83 41 91286
31 61 83 59 753901
7 17 29 97 42246
37 5 97 59 933126
53 23 59 43 349937
37 7 29 49 10071
37 53 83 47 551855
11 67 2 13 455906
47 83 23 97 591114
61 2 41 23 833176
61 61 61 37 404072
29 67 59 61 841954
37 31 73 41 789424
29 17 17 49 663904
3 19 31 29 8791
2 17 71 73 746611
41 59 19 73 217531
7 83 37 43 30676
97 83 47 2 643139
29 67 7 61 876712
11 49 17 31 602976
19 17 49 43 254159
7 3 7 7 70233
59 41 71 49 681452
17 23 2 43 956585
11 67 17 97 143957
79 49 2 2 655324
43 43 19 29 885273
7 97 31 67 242300
31 67 23 17 143494
83 67 67 37 829939
83 59 17 47 622131
71 7 37 7 284234
3 49 37 61 440713
41 41 31 31 718100
97 49 79 47 764025
29 49 11 19 302250
7 31 59 71 876528
37 61 43 71 347748
37 47 67 11 917712
61 47 31 7 229689
61 3 23 31 686013
47 71 7 13 127175
31 29 43 71 250038
13 67 29 83 987958
49 59 73 17 820268
79 29 11 73 940867
43 49 3 11 440056
59 13 47 47 396295
67 2 97 23 362842
17 61 11 97 777768
37 23 41 83 986084
17 49 67 43 174476
43 37 71 37 451856
11 31 13 11 649415
13 17 17 13 800270
83 2 41 53 746225
53 2 59 2 731170
29 13 2 97 562574
13 5 11 37 223202
79 61 41 49 911245
79 11 17 79 699903
53 97 47 79 48767
41 13 23 67 855988
19 59 61 11 725009
83 43 59 3 42910
47 73 29 2 235349
97 11 29 43 419517
43 43 13 97 61681
43 23 29 43 261857
17 67 13 53 438776
73 53 53 49 93158
49 37 23 2 211726
11 59 11 59 45350
71 31 71 13 851000
49 31 37 7 507222
7 2 73 47 716934
31 29 71 31 208889
17 83 61 73 792107
79 97 79 43 382504
43 49 37 83 315598
59 31 23 67 575375
23 31 61 29 156052
19 83 5 7 628674
37 71 47 61 825496
47 83 23 5 263855
3 47 31 17 648970
71 47 19 49 288389
19 5 73 67 223953
59 67 23 19 181654
5 17 29 79 305708
79 11 3 71 281971
61 61 41 31 687749
7 3 97 71 934371
71 61 19 11 856810
31 79 2 2 273218
11 41 97 2 483406
83 43 5 41 963557
49 83 29 53 678997
49 2 7 7 973465
97 61 7 79 235626
79 37 23 5 966444
3 31 11 79 489430
67 11 3 43 14648
2 47 13 13 827732
31 19 73 79 378773
19 83 47 73 474195
59 59 13 83 154795
37 83 83 11 913092
49 49 17 17 944279
13 97 29 41 493245
73 43 11 43 234120
47 13 13 2 62861
31 97 71 37 822721
97 53 43 41 69649
13 23 11 59 274831
17 7 19 19 677700
3 97 97 31 144788
37 43 67 83 884133
37 41 7 13 786330
71 2 19 2 883137
71 29 37 73 814691
47 41 79 5 414270
79 79 7 3 450994
2 3 11 31 959423
71 59 61 73 695396
59 23 17 79 667738
41 31 29 47 780815
29 7 41 67 290148
47 13 13 47 977935
49 71 31 5 544315
67 37 79 73 105158
83 67 67 73 234742
67 13 79 67 611678
97 61 71 7 52591
31 43 59 7 553993
11 3 43 47 974773
3 2 67 7 888993
73 5 29 37 974218
31 11 13 5 318131
2 53 67 83 592671
49 23 59 43 357106
5 5 19 43 988389
49 97 37 49 413380
53 49 59 11 177776
49 3 79 2 204796
73 71 41 83 687115
83 17 29 7 896697
19 49 19 71 332875
83 59 5 61 927057
7 3 19 13 500511
13 7 61 53 885641
19 53 29 59 585567
2 79 97 19 849461
11 67 47 19 14090
79 47 5 43 311531
71 31 29 37 584542
61 3 29 71 258605
53 43 2 71 923436
11 13 97 17 602679
67 29 3 7 810572
23 23 47 29 229670
67 97 5 7 892490
61 71 41 97 811666
5 61 37 41 425858
29 31 47 53 695088
67 2 49 61 664387
31 19 2 2 29647
13 73 67 37 164267
3 31 3 23 70498
53 53 43 31 335667
13 13 61 97 807639
37 31 13 23 431970
19 59 11 67 757323
7 47 31 19 604993
11 49 61 73 631543
29 13 29 37 218280
53 61 43 71 473940
11 11 67 5 443994
31 97 5 67 246289
23 11 7 97 293665
31 11 19 41 158627
3 29 17 49 296840
37 53 61 67 960122
43 29 29 61 392527
43 29 13 19 851079
7 7 97 71 63930
37 5 43 19 791494
97 79 79 53 644896
79 11 19 73 624570
79 49 79 11 981517
2 67 41 31 271403
19 17 71 19 355060
67 53 59 19 877145
67 17 23 53 276964
19 31 79 79 309200
47 3 11 49 264068
7 49 29 17 319465
5 23 47 67 111516
59 83 59 41 230117
61 49 19 3 700247
5 67 61 97 26662
67 61 61 73 814819
2 83 59 71 295216
43 79 83 31 483121
59 83 5 31 19206
13 97 59 2 677273
79 73 31 29 10826
59 47 79 7 643056
53 7 59 11 609084
97 3 2 11 707321
17 49 29 41 33623
19 29 73 23 257275
19 7 7 31 296020
83 23 13 97 336022
53 71 83 83 772412
67 71 83 47 965144
71 49 31 7 223288
5 37 73 7 857117
31 19 19 53 691225
47 29 73 59 120775
49 83 67 43 677537
83 97 31 3 98280
17 61 79 11 886915
37 83 7 43 577930
47 71 5 97 17208
7 83 97 2 519329
97 7 47 7 543713
53 3 79 83 591047
3 23 71 47 509499
59 67 19 19 269605
29 47 83 79 886676
17 2 29 11 373249
59 29 37 73 851921
83 71 79 53 591198
47 97 67 47 834917
59 23 97 73 540140
29 29 61 97 286663
43 19 73 97 649653
5 37 31 37 521476
79 7 17 23 177767
5 61 79 49 472570
2 2 97 79 538699
29 2 53 7 504612
3 53 79 59 779294
41 5 73 17 79038
3 43 3 19 765795
29 79 41 37 889400
3 3 19 61 617568
17 31 11 61 468604
47 7 59 37 291927
71 71 29 83 650864
37 47 19 59 104291
5 3 11 67 236634
23 83 13 83 135070
79 73 11 53 973715
43 31 31 53 532980
73 61 2 19 641601
11 73 7 31 476890
47 59 5 17 204096
7 13 19 83 121311
49 83 31 13 314313
73 53 97 79 256943
5 49 19 43 164863
59 41 11 49 510449
7 43 3 17 982468
73 83 71 71 221271
67 17 43 37 514380
67 37 7 7 860530
7 73 29 61 269489
3 17 83 3 393963
29 2 61 23 740392
53 83 67 11 903815
29 5 49 59 714472
31 79 5 79 254007
59 49 7 2 227907
11 97 19 7 450145
23 97 13 73 345405
47 3 97 37 353909
17 53 13 73 366437
53 83 7 37 541709
83 79 41 41 287261
7 61 79 73 744689
3 19 5 43 241507
43 37 11 61 192267
13 49 71 73 741763
43 7 3 83 577845
13 53 47 73 22042
49 61 29 53 208928
2 3 31 67 879685
31 5 19 53 956915
53 37 11 11 867687
3 29 37 97 355689
17 71 61 3 871838
31 61 3 79 107010
49 2 5 67 684620
83 13 53 83 105243
17 13 71 97 128442
17 49 67 2 596592
13 61 23 97 345532
79 59 79 97 246306
97 11 71 23 597151
37 67 53 37 93044
59 3 11 79 741298
79 83 23 7 414605
83 31 97 31 22145
11 23 47 13 129434
3 7 47 17 749922
11 19 61 17 616411
97 19 49 3 300739
5 31 71 71 178363
83 79 5 49 565808
79 2 83 49 8093
37 7 3 79 795878
43 83 37 53 779275
3 3 2 29 714858
47 71 47 31 610469
5 61 7 53 924758
97 79 47 97 751641
59 83 47 31 886522
13 47 53 19 376436
13 37 11 17 3235
17 79 31 71 316143
53 23 43 11 410150
49 73 73 61 972443
3 3 71 23 260272
83 71 71 3 549698
61 67 49 37 15100
67 83 67 11 219370
29 53 67 83 456997
53 13 83 53 557448
19 17 61 71 286329
73 67 5 19 294986
83 3 23 31 582607
73 73 17 37 928065
19 11 67 47 714106
41 83 11 41 866879
67 59 2 19 977312
19 31 49 19 844034
53 49 43 43 148225
59 83 73 71 551645
19 41 23 19 417400
41 49 13 17 576431
31 11 19 61 683143
31 23 11 43 78701
23 53 61 19 512054
79 19 2 23 969128
61 47 43 53 391257
11 19 17 37 946792
43 5 79 3 323216
23 29 97 29 339769
79 71 47 31 683359
2 31 13 17 526081
7 47 29 23 836249
53 71 3 97 194760
7 29 79 53 60287
13 37 43 73 642058
29 5 67 13 831856
73 17 19 11 258703
49 23 23 71 371351
73 71 47 71 287507
61 13 83 41 598160
59 53 79 71 888332
37 53 43 17 669673
31 7 3 41 315978
11 49 17 73 274189
61 79 7 29 390359
13 29 29 97 663210
53 17 83 73 714453
73 11 43 61 716410
59 71 19 59 442753
31 49 3 13 192882
67 23 5 73 162006
67 17 59 73 597434
97 61 19 79 781470
97 3 23 13 723063
29 43 17 29 248195
49 83 53 37 395492
97 13 37 59 935306
49 7 17 29 534421
5 71 79 73 769790
37 2 23 29 8526
97 71 3 97 335126
49 17 7 31 58954
7 67 83 13 124306
13 31 19 43 846301
67 23 3 43 985628
19 41 7 29 625467
59 23 11 59 613374
41 3 59 19 780281
53 17 23 37 13344
5 23 97 53 374104
47 61 7 73 799969
73 71 2 31 528115
61 37 67 2 94993
67 3 19 73 673666
7 11 5 7 72159
23 17 73 31 937524
47 13 53 5 353212
73 47 31 43 827392
31 17 19 17 664521
23 13 11 31 479399
59 71 43 37 27850
59 5 49 37 79771
79 3 29 71 925532
61 2 61 59 499725
79 13 5 83 636934
59 3 11 71 429778
5 19 53 47 108681
73 11 37 3 403805
49 49 43 71 705339
53 67 41 49 673223
29 5 83 31 21913
23 31 59 43 159365
3 53 7 5 127637
49 67 73 61 590264
3 23 11 49 604189
29 67 43 29 205718
37 2 53 11 614284
53 19 59 3 119830
11 2 79 17 332321
71 2 37 7 963813
13 83 13 37 673033
2 11 83 61 953964
61 59 23 83 134193
11 43 41 2 378657
31 71 49 73 732966
19 49 23 71 724320
97 71 2 13 855054
23 53 59 83 762514
59 43 83 37 420801
29 71 7 41 633567
7 37 17 31 72790
47 29 5 73 211307
37 83 83 97 318773
11 79 7 13 422788
37 67 11 17 363338
5 41 3 29 986994
19 61 37 41 203671
31 11 41 49 185291
71 47 59 41 567037
29 29 61 23 898370
49 2 31 53 373516
19 73 23 97 8617
31 19 13 83 179956
31 2 29 2 900127
71 53 3 19 370893
11 59 47 2 231023
11 53 49 41 830219
61 7 73 53 299168
37 97 41 5 218856
67 7 13 2 899169
71 49 97 79 816659
67 61 17 31 327695
23 19 19 3 38181
41 43 17 67 427996
73 61 37 29 299248
31 47 17 3 193859
7 83 2 97 581617
2 17 37 17 897824
59 17 83 3 790391
3 71 67 7 921968
73 3 43 71 16002
3 29 71 47 560546
11 97 19 49 195664
71 2 61 83 853855
43 71 11 5 166292
5 29 97 37 892761
43 17 47 83 919253
67 61 13 17 964110
7 61 97 97 221632
5 47 3 79 988563
37 59 23 13 927082
47 11 31 47 153362
19 53 29 61 38164
37 13 13 13 922624
79 53 3 83 219723
37 71 11 71 494146
23 29 2 71 743638
37 59 5 31 338385
47 37 41 31 688600
11 61 13 43 316252
41 3 29 3 291546
71 31 79 23 76611
7 49 83 17 161961
53 7 49 41 602345
83 71 23 5 213962
2 61 49 49 379170
13 5 23 41 350917
79 61 53 41 73257
37 17 3 97 938780
19 97 79 5 259794
41 43 79 79 652516
13 83 61 97 32363
19 5 17 71 218660
2 49 13 7 289664
37 83 3 73 722354
97 61 59 83 152733
61 19 31 41 375666
13 43 73 53 793693
5 17 5 71 821214
7 3 23 83 306416
7 97 43 53 618866
43 97 7 61 836305
13 53 5 71 551677
79 49 47 7 167569
41 71 97 19 921632
13 83 83 31 86756
43 47 59 17 844586
73 29 59 59 49537
61 29 11 73 393550
7 2 47 11 746721
2 41 53 73 564474
79 83 23 5 473757
11 67 43 71 636195
47 13 11 71 545596
47 67 47 47 895345
37 29 17 3 368187
49 17 97 43 590503
41 83 67 61 47853
31 41 3 47 84821
17 73 17 59 977991
29 3 2 29 453706
7 61 5 49 86718
7 59 29 71 898033
13 53 83 47 796468
2 37 2 31 156068
5 59 17 53 462973
53 41 79 49 604521
3 41 29 11 584807
67 97 47 83 93090
47 53 49 37 7556
7 29 5 19 425415
59 41 83 61 395675
49 59 59 7 681342
5 3 53 31 390074
23 37 13 11 441458
43 5 61 17 328328
3 49 2 23 136714
97 2 73 29 720423
97 61 3 43 223146
53 79 49 83 721893
19 3 59 13 697440
23 7 7 97 437017
11 79 19 41 74146
2 5 31 43 358042
13 47 73 61 289118
31 41 29 41 860555
53 61 29 37 92047
29 7 3 61 421048
53 3 19 7 858153
37 11 49 37 769320
2 41 67 31 621507
5 43 43 67 819935
73 59 2 59 584869
59 73 13 17 19704
2 53 71 29 200716
71 73 23 5 885956
73 83 49 43 851017
43 17 43 37 537278
3 83 23 61 864729
79 79 3 7 323804
73 97 7 31 807682
59 43 5 23 473198
41 37 43 19 734657
83 47 5 11 698616
61 5 83 43 90371
7 7 47 97 507828
3 53 47 41 723328
41 73 37 5 317200
11 31 2 47 529238
59 23 19 49 587685
83 29 5 13 902954
13 19 79 49 938161
73 13 17 59 392513
47 97 61 23 915899
73 7 53 59 84150
11 13 23 73 524350
61 79 3 59 502507
61 19 49 43 772348
73 23 61 59 497805
53 59 29 49 272038
97 2 2 7 855636
23 2 7 17 303147
49 2 67 41 31320
23 5 5 71 817767
3 37 49 73 339998
53 67 37 2 595112
59 53 31 97 798818
29 67 73 41 837685
59 41 79 67 219825
3 79 47 53 546605
13 13 73 23 695654
7 49 71 61 482194
23 71 2 53 944862
49 37 23 3 860039
13 31 43 59 289014
53 83 19 79 410806
67 83 73 23 88336
19 67 2 7 654662
71 29 19 13 100816
67 2 59 59 35634
19 13 73 13 192095
97 73 19 31 16031
59 47 59 41 218014
7 19 19 2 591798
7 11 37 47 629305
67 37 83 53 897986
73 2 31 23 107738
59 13 3 17 281968
43 3 49 49 280693
7 37 47 97 623125
31 5 71 53 236435
59 41 59 29 420025
59 83 53 37 500572
3 53 71 3 679176
37 47 61 29 153215
3 2 59 13 320877
43 29 3 61 728285
79 61 61 2 273976
37 53 67 59 563862
7 23 19 41 269171
37 71 41 11 187444
41 53 79 29 67948
41 23 13 59 780357
83 2 41 47 972413
53 67 79 59 899620
43 31 41 31 509459
2 61 43 43 630187
59 73 41 11 193647
61 37 3 29 970626
29 49 59 31 631983
67 41 43 13 964824
79 3 49 49 987724
61 73 41 97 167711
43 13 59 83 412080
31 43 7 73 490185
97 23 2 67 524239
2 67 61 19 871140
7 47 3 49 356313
41 19 71 67 901063
97 41 13 11 488335
71 67 61 3 672561
37 83 67 7 757285
49 37 41 79 348837
61 2 47 49 465833
43 37 7 71 586726
17 97 59 97 594332
31 41 19 43 778311
49 41 71 67 676139
61 71 61 97 314050
49 83 67 17 935606
11 23 83 5 959941
97 2 13 79 605564
5 5 43 31 637733
59 2 47 19 462711
83 19 41 7 182645
29 79 19 59 284248
43 71 97 11 669831
97 37 73 31 587069
17 59 61 47 672960
47 41 79 3 684465
29 61 41 59 27367
97 59 29 97 251460
61 2 43 31 415168
5 49 37 61 706119
61 49 47 29 10541
71 61 53 17 636624
71 37 5 79 875791
83 43 7 7 387266
71 49 19 97 102855
5 47 7 5 791949
31 7 61 29 491296
83 11 41 3 609002
7 49 97 53 866768
59 31 59 97 149173
71 67 29 17 866072
59 61 59 17 882686
71 43 59 61 393424
79 67 67 59 110338
79 53 2 31 425775
41 41 67 13 688315
47 97 67 73 297900
19 97 31 61 627650
43 19 11 5 368447
59 59 73 83 978627
5 53 61 2 6494
5 13 7 83 497051
29 61 59 7 567054
5 43 59 73 803888
2 5 59 53 716160
31 97 41 73 361224
23 67 59 43 284249
43 83 2 11 383107
83 17 79 71 269465
7 17 47 61 485302
43 29 37 43 293265
13 59 31 13 776718
13 43 2 47 495741
13 73 47 73 663277
41 29 3 7 288039
67 83 83 17 220042
43 61 59 43 170752
83 97 23 49 527964
97 71 47 31 372967
73 7 97 37 635955
3 17 17 2 269409
23 3 83 3 608479
47 3 7 59 51028
83 19 17 17 221374
71 29 31 41 811939
59 13 71 53 734045
7 41 37 7 792807
97 23 17 31 82103
29 43 59 11 905781
59 31 71 3 733137
61 47 47 13 73879
61 29 29 7 252380
29 67 23 67 335323
49 2 3 7 70200
11 53 59 49 417498
5 43 97 67 645757
13 31 59 31 491471
37 53 97 29 422957
11 17 47 23 237315
31 67 29 47 453422
43 3 43 13 780177
43 17 11 17 775743
83 7 19 67 440792
71 17 5 41 728828
83 79 67 61 124950
97 31 79 7 30317
11 17 43 83 830168
43 23 49 3 589661
2 47 29 29 568273
43 11 19 5 516399
73 47 71 11 151505
43 83 61 67 214193
59 7 13 61 182345
19 37 71 79 789930
3 71 41 3 25910
19 59 19 83 556785
71 41 13 71 412218
19 3 5 19 94929
31 49 43 41 384043
37 61 7 11 326875
61 31 67 13 560186
2 53 23 67 257231
59 43 79 49 899061
41 37 2 2 428134
7 41 11 49 736126
19 23 37 19 306686
71 47 47 29 446124
11 2 47 17 482411
7 31 71 79 470295
37 73 61 5 560157
61 23 47 11 375220
5 43 59 31 439618
83 23 47 67 693404
13 29 17 7 793129
11 83 41 83 296076
29 19 47 11 674412
5 47 67 43 683476
67 19 37 11 856303
29 43 2 73 505522
83 29 53 43 296230
83 49 73 23 68500
71 47 29 7 100377
79 73 47 11 145531
41 11 73 23 596849
61 19 61 11 850690
59 5 97 61 16251
71 7 47 79 914649
37 79 29 49 567553
23 11 3 29 728172
31 19 67 53 200444
41 83 2 29 448792
19 3 43 59 54427
11 31 53 37 128034
29 31 23 11 410814
71 37 7 37 345941
61 79 43 2 79924
29 11 59 13 79067
61 2 37 59 59263
83 31 71 17 275393
47 2 53 83 114041
31 61 49 73 176915
19 13 49 49 404293
71 79 5 83 263504
7 71 59 73 456748
41 7 47 97 1688
7 5 43 11 944194
47 37 97 49 212042
19 11 11 37 607264
31 59 17 43 774845
29 71 5 5 592831
13 29 79 83 639711
53 41 61 5 261520
13 43 43 73 57524
11 13 49 31 162405
5 73 83 73 960449
17 83 47 59 373431
61 5 13 17 351182
29 19 53 49 256420
19 49 19 5 318597
73 19 13 29 186883
13 23 43 71 973221
7 67 97 29 942499
83 37 7 47 699655
11 13 67 5 669460
41 83 3 31 175620
31 59 73 7 339796
61 49 61 43 830801
53 53 73 71 340194
73 11 97 5 85074
73 73 23 43 678819
41 31 7 73 132662
79 71 71 23 916395
73 97 19 83 374891
17 5 19 31 831721
49 53 59 31 198740
61 11 43 23 981856
43 71 23 43 299723
37 13 71 53 610553
37 31 5 7 397415
2 79 3 17 835491
59 5 2 83 479715
17 13 41 29 570579
73 5 7 29 763944
23 67 13 71 851689
37 71 23 7 911053
2 3 13 5 967712
83 49 73 53 893495
19 47 97 67 875906
83 3 67 49 626839
17 23 31 67 425360
5 2 49 97 555361
53 31 83 67 148062
49 17 67 13 10120
7 47 49 31 537286
61 19 49 47 908517
73 37 73 29 962716
7 61 59 37 630924
17 3 61 41 423319
79 29 3 59 974991
7 19 53 43 827121
3 47 41 59 228269
83 61 23 41 746513
13 79 71 67 879718
67 43 59 3 943058
67 19 11 23 131419
67 37 71 59 417546
97 61 37 37 404588
37 23 97 83 768202
2 47 61 2 428127
41 73 7 7 506430
79 83 37 17 554474
19 2 19 61 967611
71 61 59 47 758506
83 5 67 11 31372
7 41 29 97 719993
49 49 71 61 410475
5 71 97 17 822428
23 47 71 2 612854
71 29 17 7 639690
61 49 71 53 774730
43 5 5 53 490732
97 79 29 59 207776
37 7 31 79 742305
19 29 11 47 34046
67 37 31 13 815306
7 29 5 67 550486
19 13 59 19 114510
7 61 2 59 60475
41 41 31 13 245952
19 17 67 73 955016
23 59 49 53 775067
2 73 47 83 95947
31 47 23 47 691198
29 13 31 37 937110
31 19 47 79 596921
43 73 19 43 184135
5 43 3 73 194363
31 7 29 7 734219
19 29 11 79 896884
49 67 61 67 171910
79 53 5 37 24459
71 67 41 5 909649
41 19 29 3 714589
13 41 17 61 773746
43 2 7 7 739889
11 23 67 59 7394
5 47 11 23 572413
37 31 43 71 878968
7 11 73 71 833280
43 2 37 79 469563
71 7 79 23 127202
97 3 47 47 135843
53 97 59 5 32294
17 59 29 23 141574
41 13 43 19 731037
71 13 97 23 647214
59 31 37 53 752937
37 5 19 53 583267
67 47 61 13 480771
7 59 19 61 741530
41 73 37 73 518466
67 43 79 3 278574
47 79 79 31 378853
49 2 19 97 452818
5 97 41 19 120574
79 61 2 79 590698
61 79 3 23 620320
17 11 17 47 803637
37 53 49 71 384504
11 17 23 23 451217
5 2 2 43 806629
61 37 71 19 246098
37 3 53 23 198771
53 71 43 79 733463
83 3 73 23 346837
61 7 41 41 147481
43 19 61 5 369890
31 47 73 61 342007
11 79 79 3 839202
41 37 59 49 752638
2 73 53 71 400474
61 37 49 17 44132
19 79 59 49 763112
43 83 61 3 334593
5 73 73 59 802771
37 67 7 23 414805
19 13 11 31 470092
19 17 49 7 118408
79 19 11 73 48912
37 49 59 11 1031
11 31 3 79 634348
97 59 2 2 863379
17 29 17 31 342617
43 29 71 73 312975
79 11 11 79 844690
47 67 11 71 814249
41 47 83 43 10872
53 49 2 17 141291
59 59 31 3 171514
47 3 43 83 474947
29 41 97 29 910645
97 29 97 37 221564
61 47 53 7 203169
3 53 23 29 184646
73 3 43 43 191704
41 79 53 31 497664
5 41 31 19 840656
61 19 43 17 969184
73 43 3 61 105075
47 31 67 49 610372
43 11 2 53 695911
59 79 97 67 565639
23 37 23 53 412459
71 97 23 23 484757
3 23 31 2 857624
11 79 61 61 708255
31 23 47 37 98021
67 79 59 7 398375
13 2 11 67 589983
59 3 29 23 559981
47 67 47 49 345910
31 31 5 11 369517
31 7 53 59 541215
61 41 61 79 783186
31 5 53 71 357092
67 97 83 73 647681
17 49 67 49 258857
17 79 7 43 625975
49 59 37 83 790925
5 37 31 31 981607
11 11 73 31 931935
43 53 43 41 951605
59 3 49 13 321637
47 3 67 37 181291
17 19 47 47 997252
41 47 2 67 534542
29 5 97 47 550357
7 19 61 47 363953
11 73 2 19 722925
79 43 7 5 19721
17 97 19 29 72936
47 17 61 71 72403
41 59 5 29 814210
41 7 53 13 209702
23 29 31 37 933173
73 41 29 47 254993
79 3 2 67 10122
11 73 3 2 10976
47 53 31 41 295384
23 13 31 7 52413
97 71 29 41 794725
23 97 59 59 656972
11 47 73 17 430298
73 5 49 19 247890
47 73 2 53 348276
59 43 41 23 803216
29 43 59 37 400254
5 13 17 59 396871
13 97 47 7 254063
13 37 49 73 590888
53 3 23 71 558171
41 17 37 83 157546
11 73 41 11 576381
47 71 73 49 805988
83 13 97 53 692686
59 73 23 13 435578
73 19 61 47 639420
2 71 79 97 117527
19 11 37 2 777553
67 71 53 41 810389
11 19 19 31 668381
17 3 67 17 526110
59 7 73 37 939078
5 23 83 29 987741
83 5 5 37 384600
73 49 2 67 913054
49 71 73 59 60394
23 17 71 83 302873
19 67 59 2 327000
71 59 3 11 287953
71 31 31 31 606119
19 37 3 7 5
31 23 23 29 774558
19 23 11 5 340203
71 31 41 73 293094
41 29 3 53 368151
49 23 2 13 915781
43 3 5 53 791635
11 17 59 59 229887
23 67 3 41 885041
2 83 17 23 455139
23 43 67 67 547210
49 19 7 71 516749
59 49 79 47 922825
73 43 67 31 933455
47 71 7 61 64357
29 19 59 31 881732
23 83 83 37 14618
49 23 67 71 653424
37 61 83 79 334176
43 67 97 41 181184
29 19 7 3 404676
5 5 49 47 255967
23 53 49 67 985824
31 61 97 5 300620
53 23 53 61 796128
59 73 23 7 775291
5 79 3 11 664762
31 43 3 73 520756
67 83 29 71 417261
37 3 2 59 488381
49 41 23 7 400909
43 73 7 47 110553
41 71 71 97 217056
31 41 73 17 739835
5 11 17 17 64291
61 5 2 97 597952
73 2 23 59 304389
29 2 13 11 726814
3 19 3 41 570608
7 13 83 53 394589
23 7 5 2 582567
3 17 49 23 815250
5 11 61 53 72518
59 79 13 23 408035
13 47 7 2 517307
79 67 49 29 592310
67 23 13 61 343974
43 37 37 13 722039
43 3 43 19 267101
47 47 43 23 214901
79 61 37 49 555860
43 61 2 37 478642
2 3 31 59 259362
47 53 23 11 834314
97 97 19 37 392801
47 59 23 47 914195
79 31 61 2 966349
49 49 49 7 346430
2 37 31 61 785979
59 31 59 23 171531
3 43 67 11 365125
17 13 37 29 433257
79 5 13 29 608499
43 19 17 83 650642
59 59 13 7 914112
17 19 17 59 205813
49 7 43 13 40013
97 73 97 71 387870
97 73 41 83 493668
61 79 41 43 46910
17 49 19 79 349421
19 13 17 13 499905
83 19 5 53 890209
79 3 31 59 915920
67 71 29 41 897739
23 79 53 3 799079
19 3 23 79 31682
31 47 53 97 789040
83 11 11 2 356892
53 17 53 7 156834
19 17 79 17 519870
13 59 2 43 506696
83 19 71 67 349947
3 7 53 59 89673
43 37 61 49 557401
41 67 2 67 696167
13 73 49 97 669416
73 13 71 53 190808
97 59 97 59 271926
5 11 97 11 495259
73 61 37 29 615041
41 83 73 61 752870
41 13 43 3 745367
5 23 79 97 744384
79 53 83 29 555344
29 2 3 83 841115
29 71 23 61 315599
13 19 2 97 683430
73 43 13 5 896700
13 29 47 37 235017
83 67 49 13 94912
7 73 19 3 285686
47 13 23 19 82925
67 37 41 19 925419
7 17 97 5 477127
11 49 17 7 331314
2 11 31 83 552886
59 3 13 67 63997
71 29 19 79 627166
43 11 97 29 890549
67 53 43 41 779411
61 59 67 11 561768
59 29 43 47 929268
71 43 71 97 287735
49 3 2 11 480537
7 11 41 61 475932
43 73 23 13 641721
83 2 67 31 264280
19 59 37 29 754704
61 19 23 2 275271
7 97 23 79 231909
97 71 83 5 232725
3 73 49 19 735161
97 11 17 59 715856
49 3 67 41 131317
17 47 79 41 874036
73 97 97 97 250390
7 47 73 37 727775
5 23 53 41 826775
47 17 47 5 224296
2 37 79 3 256766
73 43 73 19 417603
53 5 13 67 739134
43 2 79 67 14390
83 5 7 59 417881
5 83 7 61 280701
5 73 13 23 631850
67 31 53 29 430764
49 19 43 47 148413
71 7 59 5 495362
79 83 83 49 772952
53 2 71 29 990909
23 79 3 17 356323
73 53 73 47 746509
47 53 17 97 175161
37 23 61 53 651379
79 43 53 31 623426
79 3 83 53 364137
71 31 41 59 780948
71 5 29 43 147369
17 29 2 13 573802
19 61 19 61 259819
59 41 19 53 999396
67 7 3 7 790216
73 79 43 83 52910
97 3 31 37 702253
3 43 37 41 77924
53 79 11 41 460756
49 17 31 29 445714
53 47 37 11 642377
53 71 43 13 943523
41 11 11 31 225585
53 59 59 61 937556
37 47 59 23 563019
5 11 59 37 399544
29 83 83 41 531164
47 79 29 3 156000
7 79 59 31 642881
13 49 23 17 872370
53 59 43 59 639120
13 2 29 29 694673
2 31 7 97 800304
71 17 61 53 420308
23 5 13 97 48724
79 47 19 71 758476
3 23 3 7 656391
5 67 3 5 283266
31 29 23 3 729704
61 79 71 47 165804
7 59 97 29 482825
13 13 19 17 804938
49 3 5 79 630416
31 11 7 59 476444
5 41 41 97 520837
19 13 67 5 30855
2 47 13 43 136967
37 2 2 17 246779
73 61 19 23 556790
83 3 49 11 795187
31 47 19 11 820124
3 53 23 11 373156
37 7 73 5 743617
61 41 53 59 20435
49 13 11 53 991959
19 43 41 2 771275
5 61 73 23 78233
13 67 2 19 587171
49 11 3 37 54183
5 49 61 79 489390
29 83 73 47 712421
97 17 3 53 465794
11 41 13 59 310310
83 2 43 17 682775
73 11 7 31 591186
73 83 79 43 525635
61 2 23 7 823370
3 5 73 5 417481
61 5 37 23 406648
43 59 13 3 901684
37 37 23 5 367409
19 43 97 5 883487
23 37 11 5 3446
31 3 53 83 192494
11 3 23 2 144370
13 53 3 7 286883
83 29 5 2 361785
7 83 41 43 778913
13 23 59 7 848905
17 11 41 43 47285
17 37 73 97 884461
49 29 49 73 56914
19 11 61 61 390458
3 43 31 47 209859
7 13 5 23 75473
97 31 83 5 14657
37 47 19 43 978402
19 11 47 37 837748
71 19 17 13 968447
43 3 11 41 354354
5 83 43 19 406039
53 31 37 43 151573
13 13 17 19 581874
17 49 37 61 121749
47 7 59 83 817101
47 53 79 73 371318
67 71 59 73 816131
17 5 67 49 475256
73 43 2 13 218136
59 47 71 29 10003
59 49 13 23 517092
7 67 53 67 168851
7 23 49 5 797049
47 13 61 71 742363
19 61 67 7 375885
67 31 79 59 12599
19 73 17 17 924032
2 73 37 23 557558
61 73 37 7 251831
71 29 2 11 564161
7 17 37 31 125320
2 23 61 47 254207
73 17 31 49 364430
79 19 59 41 828165
11 37 83 59 6371
59 47 83 49 441941
41 83 2 43 905893
17 5 11 53 154887
41 19 29 83 211280
3 37 41 2 453752
2 23 41 79 369728
3 73 49 11 375519
17 71 29 43 656797
47 19 3 29 100394
11 71 41 31 291567
31 97 43 97 754858
3 59 49 19 878146
79 17 19 61 876853
13 13 47 17 650789
5 53 97 53 521974
43 23 83 19 538092
53 53 83 23 872149
23 31 23 59 29384
73 83 53 67 220578
61 19 53 61 981771
59 37 67 41 11284
83 13 11 73 755851
7 97 7 43 16004
5 47 61 13 666844
83 49 83 29 484130
17 67 83 17 958910
43 5 61 97 356310
41 37 3 23 408691
5 67 5 49 430631
37 59 49 47 201774
3 61 43 5 6920
23 71 5 67 757555
19 23 23 53 353355
43 71 79 23 413895
73 19 23 59 474502
37 41 13 83 41133
83 7 97 37 161568
37 3 17 73 809806
79 43 7 53 356267
11 17 67 49 314245
11 31 61 37 935
79 43 37 11 241819
59 59 71 49 202295
3 2 79 83 719355
7 29 79 61 780387
79 41 31 61 575537
73 13 59 37 658817
47 59 23 49 640269
47 59 67 19 311888
61 79 2 49 124642
61 5 11 43 322605
11 3 13 2 521456
37 19 17 7 451377
73 19 73 5 779532
19 29 13 11 687341
29 71 97 29 15109
61 79 7 11 252919
31 41 2 43 877564
29 7 41 13 131480
43 5 19 67 334111
67 43 7 83 632241
29 67 2 7 740794
73 11 49 23 520237
49 67 49 41 957425
3 19 11 19 536889
3 31 19 17 703194
17 3 41 61 834640
11 7 11 67 66977
23 71 29 7 288360
61 41 2 53 529594
79 7 83 59 291641
13 5 13 59 612292
3 43 41 71 719772
47 71 71 3 926414
71 5 49 29 40194
49 79 43 13 77270
67 41 31 79 154737
31 97 61 31 182804
7 7 41 3 286175
83 71 97 67 433770
67 31 3 19 389256
79 41 23 79 664585
67 37 59 83 330522
29 37 79 3 871514
23 97 11 73 494596
61 17 3 79 366428
37 13 13 2 166006
37 2 41 71 271652
97 67 17 71 737837
23 13 11 7 177171
23 29 61 13 995891
3 79 83 53 131695
7 47 83 43 498908
23 67 23 11 654818
47 13 3 97 763958
61 43 2 7 558073
59 7 19 79 470975
13 79 43 2 548607
17 7 59 43 522015
31 29 19 53 224397
61 47 41 37 826531
47 31 61 29 69144
11 11 37 71 197681
41 13 53 2 223341
79 43 43 49 304301
19 13 49 5 337143
43 7 13 23 951206
3 3 17 7 667700
41 13 7 23 113038
23 71 17 17 683127
2 5 5 29 934500
43 23 2 61 467835
49 73 2 5 12599
13 37 43 13 589518
41 47 79 61 934091
83 67 43 83 968149
17 59 59 49 68358
43 41 7 7 639734
11 47 7 61 389386
31 59 59 23 650587
5 97 3 2 177817
59 71 11 41 871759
13 37 43 47 435020
73 73 11 2 428396
11 31 53 13 175703
97 31 59 59 227167
17 43 53 17 859268
17 29 73 71 91507
5 11 2 61 468512
53 23 83 43 345298
49 73 67 13 580288
29 23 97 53 864802
37 79 13 37 331138
11 17 37 31 19361
11 17 7 23 983593
37 73 53 83 45114
83 59 59 11 465765
29 43 83 47 421908
83 11 5 59 159237
43 67 2 19 492977
83 83 19 37 435856
49 2 29 19 290415
37 19 13 23 728915
43 19 2 41 45716
2 29 31 13 873501
59 61 7 97 579144
2 83 7 73 863601
67 71 29 71 500243
79 47 73 31 623654
47 41 83 41 949859
79 37 31 71 229809
79 13 43 5 410992
2 29 71 59 711315
19 73 67 61 373682
71 53 11 73 969217
71 2 73 11 323444
2 7 53 41 876371
79 73 17 47 353137
31 41 47 97 579073
41 11 13 97 985237
73 29 61 2 647140
49 2 97 41 613178
83 71 53 97 440162
53 49 23 83 240063
31 71 73 23 89879
29 67 79 31 665097
79 71 37 17 812127
61 43 17 43 325863
49 67 79 83 204932
17 97 41 17 382070
59 29 37 49 566001
47 59 31 23 504391
61 17 43 71 357194
41 37 29 19 359929
49 19 17 41 881487
31 11 67 37 138322
83 13 79 73 575545
5 23 29 73 869600
49 13 59 47 651958
37 67 2 41 821734
67 37 47 53 920446
67 97 83 29 591549
61 83 31 5 759335
17 5 2 29 445978
83 17 47 17 904568
73 5 97 11 77992
79 11 67 49 541070
43 71 29 67 989066
3 11 43 67 732209
73 83 79 97 835419
97 43 29 79 126266
97 19 2 49 393229
61 23 97 17 936585
83 19 31 97 572685
5 5 53 73 27403
97 73 7 67 282513
47 13 2 11 593054
71 37 43 67 38441
31 67 59 31 594583
83 31 47 11 704490
41 11 7 67 826505
23 83 2 97 298251
31 83 17 29 84719
23 79 47 47 24430
49 59 47 5 714697
23 29 53 11 657258
61 23 41 3 348946
73 61 29 73 899913
29 47 59 67 194062
49 5 19 29 927682
19 7 53 41 170754
31 67 37 53 296271
5 7 73 11 681877
5 61 71 61 705017
59 5 67 2 668780
31 61 11 97 653752
61 5 43 79 87862
3 73 43 29 475830
7 73 59 47 321736
31 53 3 83 678995
41 79 73 79 413053
23 37 5 29 446165
31 53 3 59 429307
43 41 49 37 528229
67 67 79 11 916670
11 17 71 7 673484
53 2 41 71 829365
59 79 47 71 899082
49 29 49 29 362848
71 19 97 41 459126
19 43 53 61 672047
31 79 13 73 191101
17 73 7 29 266908
53 23 59 49 366250
61 41 19 7 965030
11 31 43 73 706849
73 5 49 29 363205
41 73 47 19 259417
61 31 7 47 462399
41 71 49 37 182021