16
32
17
19
50
23
34
29
21
34
21
38
66
27
17
24
39
19
19
18
25
12
21
30
19
22
26
18
14
8
25
20
25
51
21
17
17
34
44
14
25
27
32
28
26
17
26
65
16
46
18
17
12
27
21
21
22
27
25
21
16
16
13
26
6
22
30
33
21
45
35
43
15
33
23
44
32
12
24
14
22
26
25
8
37
15
20
42
19
9
19
18
21
22
15
14
31
21
5
11
7
17
15
12
21
13
13
20
26
16
40
46
16
18
8
18
8
48
24
25
25
7
27
12
21
22
10
10
21
18
20
12
19
21
19
22
21
26
30
11
21
20
25
50
29
27
22
19
14
9
29
25
22
16
22
10
28
4
41
17
24
25
19
22
33
41
18
13
29
16
17
21
27
11
15
54
18
14
24
18
21
22
20
25
26
24
9
19
22
23
15
21
32
50
19
23
24
61
25
24
22
22
34
40
41
17
18
17
19
30
24
25
31
23
15
25
7
29
13
18
24
25
15
22
17
23
14
48
20
28
16
17
7
7
31
30
20
12
36
30
65
20
28
24
26
15
26
14
27
27
27
17
15
10
18
28
43
23
67
17
13
20
17
19
23
34
23
20
14
39
18
44
27
24
25
32
18
18
23
26
39
18
19
74
44
34
17
28
38
55
22
29
17
20
22
22
18
14
25
31
72
25
68
26
21
17
15
32
28
44
11
15
14
25
19
22
30
40
20
11
23
20
20
28
11
31
6
7
24
22
23
22
18
27
28
22
22
24
22
22
25
23
22
22
54
23
35
26
15
34
38
12
30
20
9
15
19
30
60
41
26
27
43
14
24
14
16
8
8
21
16
30
26
17
22
33
45
14
28
37
34
10
9
24
23
33
59
66
19
23
42
19
22
11
20
24
20
22
25
27
21
21
16
41
21
31
27
15
11
31
18
26
65
33
49
20
14
20
5
33
25
34
20
24
24
22
11
51
28
31
15
18
38
19
14
19
27
13
12
16
25
27
31
35
34
30
20
47
24
35
25
8
10
13
8
33
24
35
12
18
53
23
18
25
60
43
6
16
35
25
4
12
21
27
34
10
28
18
22
11
28
17
29
18
6
24
32
22
23
18
29
27
28
12
69
16
13
18
30
36
23
21
22
37
21
20
27
28
15
21
19
15
47
25
19
21
48
20
28
15
22
13
19
40
25
22
21
18
17
34
29
20
21
38
39
20
23
26
25
22
20
9
27
32
7
16
16
10
18
28
10
16
14
22
21
46
18
34
16
19
21
18
30
27
17
55
15
22
14
38
15
22
50
22
19
34
22
23
27
13
22
51
5
67
22
27
13
28
26
31
14
10
28
8
27
34
28
28
27
23
22
20
17
77
21
22
26
21
27
21
11
13
20
7
25
44
66
23
21
58
19
57
19
14
16
20
22
25
22
41
40
30
63
9
15
20
16
25
37
22
21
23
23
40
28
21
9
21
25
18
39
22
33
42
37
19
20
33
18
23
17
43
29
20
26
20
27
18
19
22
42
26
23
15
24
17
33
26
15
22
13
22
41
21
6
34
4
21
22
19
11
23
24
15
23
23
14
53
27
13
23
10
36
24
6
38
17
22
52
16
30
27
24
18
25
20
21
24
44
13
41
63
25
58
12
58
30
58
29
18
20
13
35
16
22
22
20
33
15
25
18
14
29
20
49
14
19
23
30
48
29
25
29
19
15
31
23
19
26
21
14
44
41
16
37
23
10
15
75
31
25
46
35
14
24
10
19
31
28
14
18
12
23
17
6
22
62
37
14
30
18
4
27
25
61
22
53
19
24
29
5
25
19
26
43
18
5
14
24
21
24
15
19
23
33
26
24
34
13
20
27
23
27
13
27
22
18
43
19
24
20
59
47
14
19
35
30
15
19
15
21
24
25
21
27
18
36
23
21
19
17
13
20
19
19
19
19
21
22
49
6
14
10
23
39
24
31
21
26
6
40
25
19
11
21
21
34
19
22
27
27
7
11
22
20
19
19
26
17
23
22
8
18
29
22
56
18
25
12
31
23
35
76
12
31
27
32
20
31
18
27
20
16
19
31
20
55
20
18
19
31
19
6
17
30
17
25
40
16
17
23
22
16
11
21
15
17
40
73
23
60
5
53
23
22
15
54
27
24
28
55
28
14
11
29
13
23
31
20
24
28
19
10
26
22
13
48
29
9
29
22
24
11
22
45
26
11
18
38
53
35
40
26
33
12
27
16
26
8
18
47
59
17
36
22
26
21
22
9
13
37
24
20
47
38
37
41
22
53
10
5
37
18
23
42
26
19
31
19
12
23
33
26
16
55
26
29
11
24
25
27
61
51
19
6
38
22
22
23
57
15
21
19
25
20
11
41
56
19
35
21
22
41
17
26
10
35
19
23
18
16
20
23
8
32
44
21
23
29
15
49
37
38
33
25
27
19
10
31
11
8
21
5
15
42
44
23
11
16
18
42
19
18
19
55
15
47
25
14
24
32
16
11
26
22
25
22
59
14
24
27
24
23
13
21
24
17
66
34
27
16
20
26
18
19
23
30
28
23
16
26
43
18
49
19
12
20
24
18
32
24
9
13
18
48
5
20
22
16
11
51
25
19
47
13
22
24
17
10
17
25
17
30
20
25
8
45
26
51
70
21
22
20
14
40
18
37
32
35
18
14
15
18
15
20
42
29
10
13
22
23
46
9
30
22
10
15
21
11
32
47
32
22
27
23
26
26
17
21
11
6
41
23
58
22
12
16
14
33
14
29
17
17
22
20
20
42
24
21
45
24
18
35
39
24
18
41
20
38
27
28
48
23
25
15
9
10
11
24
23
6
23
24
31
18
21
14
21
23
16
10
13
9
14
13
17
27
15
37
3
51
16
31
28
26
35
16
15
24
53
26
17
20
24
13
41
48
20
38
15
21
23
18
10
20
14
22
16
36
15
25
18
25
21
63
20
31
21
32
28
77
21
35
19
28
47
13
5
40
24
23
42
29
22
48
37
20
38
23
12
18
15
27
52
22
18
37
21
7
44
19
50
29
20
23
22
12
27
11
22
41
17
17
17
36
31
27
27
31
26
15
31
28
35
14
6
23
25
38
25
7
45
28
48
22
12
11
7
19
26
20
23
25
19
44
22
15
19
20
23
19
21
35
21
33
54
15
17
23
16
13
20
21
40
26
48
8
32
19
49
21
28
18
8
2
37
20
26
19
21
25
5
13
13
21
31
13
14
34
13
22
52
25
11
23
25
20
25
18
63
37
14
17
35
21
18
22
25
23
22
20
23
31
24
55
43
27
17
15
38
23
26
36
38
6
14
11
26
17
33
14
5
8
18
12
19
29
32
14
18
23
23
42
24
34
21
15
35
25
20
19
20
29
34
22
38
31
25
56
16
22
10
23
24
15
20
18446744073709551615
28
25
15
20
26
26
26
32
49
28
21
24
23
10
30
7
23
20
15
23
36
34
20
24
23
46
25
17
23
19
13
16
28
22
21
16
29
55
37
29
62
23
18
32
19
17
25
18
16
18
21
50
25
15
26
22
18
67
14
45
29
19
24
24
22
9
15
16
8
26
29
21
22
23
31
11
28
16
14
29
32
16
30
23
25
35
13
13
45
20
25
26
51
18
30
21
36
22
25
10
31
11
23
39
29
63
10
20
27
22
20
24
15
21
40
24
14
33
16
28
13
55
19
13
36
14
44
53
16
44
17
24
6
17
33
45
18
14
19
21
26
23
21
15
25
19
16
22
12
31
22
25
22
8
19
25
20
20
22
25
17
25
24
42
25
14
41
39
22
37
68
17
12
21
57
34
28
13
38
39
23
24
44
11
34
18
19
21
29
44
27
6
27
33
21
33
10
42
28
16
29
20
20
18
23
51
18
27
21
35
4
18
23
26
16
44
39
13
36
10
27
36
21
5
29
35
23
20
38
13
35
18
25
19
22
30
14
5
20
25
47
24
25
5
35
55
15
19
25
46
17
21
7
19
27
20
17
49
53
42
32
12
27
27
60
22
36
43
23
25
10
14
25
5
20
9
48
17
37
20
21
40
17
8
31
26
20
18
9
12
27
16
29
3
14
14
61
46
19
20
23
18
12
17
36
22
21
32
7
15
30
16
19
20
28
19
26
54
58
36
18
22
20
15
35
57
26
8
11
13
17
34
17
17
20
16
30
26
18
16
19
19
19
34
28
39
29
25
20
19
32
31
19
23
11
25
17
15
25
28
60
13
29
76
21
5
34
27
22
14
24
31
26
27
24
31
17
24
13
36
16
44
18
22
30
20
11
44
10
17
23
12
22
17
18
26
10
71
21
63
19
19
26
14
17
66
25
23
16
74
16
26
28
20
23
17
16
13
27
21
17
15
26
21
21
17
20
26
16
18
54
23
27
23
20
22
29
22
10
18
27
61
22
10
15
24
18
17
14
23
7
26
20
27
22
13
9
24
30
17
22
18
26
20
20
50
48
22
26
11
47
32
27
20
26
23
22
23
38
24
24
19
18
32
17
23
18
24
39
17
17
19
15
